00000000 00040004 00000000 //RAM.
00060080 00020000 00000000 //R:DataRead
00000001 00040004 00000000 //RAM.
00060080 00020000 00000000 //R:DataRead
00000002 00040004 00000000 //RAM.
00060080 00020000 00000000 //R:DataRead
00000003 00040004 00000000 //RAM.
00060080 00020000 00000000 //R:DataRead
00000004 00040004 00000000 //RAM.
00060080 00020000 00000000 //R:DataRead
00000005 00040004 00000000 //RAM.
00060080 00020000 00000000 //R:DataRead
00000006 00040004 00000000 //RAM.
00060080 00020000 00000000 //R:DataRead
00000007 00040004 00000000 //RAM.
00060080 00020000 00000000 //R:DataRead
00000008 00040004 00000000 //RAM.
00060080 00020000 00000000 //R:DataRead